rank,uri,track_name,peak,prev,streak,artist_names
